-12.1108463528674 -115.634033944196
-16.9333146005597 -109.715550185665
-21.7557828482519 -103.797066427133
-26.5782510959442 -97.8785826686019
-75.2413397772024 -135.800719343636
-73.4877149598597 -141.938406204336
-71.7340901425171 -148.076093065035
-69.9804653251744 -154.213779925734
-68.2268405078318 -160.351466786433
-68.2268405078318 -160.351466786433
-61.6507474427969 -127.471001461259
-59.4587164211186 -134.047094526294
-57.2666853994403 -140.623187591329
-55.0746543777620 -147.199280656364
-52.8826233560837 -153.775373721398
-21.7557828482519 -127.909407665595
-28.2441946724197 -123.174620658769
-34.7326064965874 -118.439833651944
-41.2210183207552 -113.705046645119
-62.0891536471326 -166.489153647133
-56.3365145406950 -171.145777242731
-49.6624267335384 -174.531818517370
-43.5669163325467 -176.243266875005
-36.4010036081624 -176.833086534355
-30.4494192393453 -176.208577838137
-23.6921058665875 -174.197767124181
-17.9317729540194 -171.189975950036
-13.0030461728790 -167.350578644464
-8.85094364066343 -162.734557089966
-5.49824758375166 -157.319129060165
-3.05829907348950 -150.990953483714
-1.81474881685318 -143.466379653637
-2.10074870370281 -136.604286701752
-3.37170978268756 -130.949263579411
-7.07339200740001 -122.863519311342
-48.6393298860887 -158.018667191393
-42.1416713498601 -161.009076092937
-36.2574940044814 -161.632378986288
-29.7405881490717 -160.257973163655
-23.7556152016848 -156.598009615658
-19.7829549287414 -151.802545801888
-17.3453645887036 -145.472012055213
-17.3322412235482 -137.593823742326
-19.2307338056234 -132.188081525566
-13.6891086884758 -147.023918174629
-15.9469006408044 -158.269037315839
-20.3748033045946 -167.738611329489
