-1.13999999999999 -140.880000000000
-0.364999999999995 -133.285000000000
0.410000000000004 -125.690000000000
1.18500000000000 -118.095000000000
-60.0400000000000 -110.500000000000
-63.1400000000000 -116.080000000000
-66.2400000000000 -121.660000000000
-69.3400000000000 -127.240000000000
-72.4400000000000 -132.820000000000
-72.4400000000000 -132.820000000000
-44.5400000000000 -114.220000000000
-47.6400000000000 -120.420000000000
-50.7400000000000 -126.620000000000
-53.8400000000000 -132.820000000000
-56.9400000000000 -139.020000000000
-16.6400000000000 -142.740000000000
-17.8800000000000 -134.804000000000
-19.1200000000000 -126.868000000000
-20.3600000000000 -118.932000000000
-72.4400000000000 -141.500000000000
-71.6650000000000 -148.860460243762
-69.3400000000000 -155.974045737112
-66.2400000000000 -161.494399215780
-61.5900000000000 -166.978530177387
-56.9400000000000 -170.745341509375
-50.7400000000000 -174.101625726335
-44.5400000000000 -176.047966655072
-38.3400000000000 -176.818238914193
-32.1400000000000 -176.490198627616
-25.9400000000000 -175.031626861815
-19.7400000000000 -172.282235136520
-13.5400000000000 -167.840880774948
-8.89000000000000 -162.786415856128
-5.79000000000000 -157.889005460979
-2.69000000000000 -149.554036255195
-56.9400000000000 -145.020923174396
-54.4600000000000 -151.730000000000
-50.7400000000000 -156.331483405243
-45.1600000000000 -159.967780050672
-38.3400000000000 -161.611809963303
-32.1400000000000 -161.030000000000
-25.9400000000000 -158.277273318391
-20.3600000000000 -152.715832559378
-17.8800000000000 -147.550958601742
-24.4520000000000 -161.960000000000
-34.0000000000000 -168.315000000000
-43.8270000000000 -171.880000000000
