-59.1000000000000 -182.100000000000
-58.8500000000000 -179.650000000000
-58.6000000000000 -177.200000000000
-58.3500000000000 -174.750000000000
-78.1000000000000 -172.300000000000
-79.1000000000000 -174.100000000000
-80.1000000000000 -175.900000000000
-81.1000000000000 -177.700000000000
-82.1000000000000 -179.500000000000
-82.1000000000000 -179.500000000000
-73.1000000000000 -173.500000000000
-74.1000000000000 -175.500000000000
-75.1000000000000 -177.500000000000
-76.1000000000000 -179.500000000000
-77.1000000000000 -181.500000000000
-64.1000000000000 -182.700000000000
-64.5000000000000 -180.140000000000
-64.9000000000000 -177.580000000000
-65.3000000000000 -175.020000000000
-82.1000000000000 -182.300000000000
-81.8500000000000 -184.674342014117
-81.1000000000000 -186.969047011971
-80.1000000000000 -188.749806198639
-78.6000000000000 -190.518880702383
-77.1000000000000 -191.733981132057
-75.1000000000000 -192.816653460108
-73.1000000000000 -193.444505372604
-71.1000000000000 -193.692980294901
-69.1000000000000 -193.587160847618
-67.1000000000000 -193.116653826392
-65.1000000000000 -192.229753269845
-63.1000000000000 -190.797058314499
-61.6000000000000 -189.166585760041
-60.6000000000000 -187.586775955155
-59.6000000000000 -184.898076211353
-77.1000000000000 -183.435781669160
-76.3000000000000 -185.600000000000
-75.1000000000000 -187.084349485562
-73.3000000000000 -188.257348403443
-71.1000000000000 -188.787680633323
-69.1000000000000 -188.600000000000
-67.1000000000000 -187.712023651094
-65.3000000000000 -185.918010503025
-64.5000000000000 -184.251922129594
-66.6200000000000 -188.900000000000
-69.7000000000000 -190.950000000000
-72.8700000000000 -192.100000000000
