-11.2340339441961 -166.489153647133
-5.31555018566469 -161.666685399440
0.602933572866711 -156.844217151748
6.52141733139812 -152.021748904056
-31.4007193436364 -103.358660222798
-37.5384062043357 -105.112285040140
-43.6760930650349 -106.865909857483
-49.8137799257341 -108.619534674826
-55.9514667864334 -110.373159492168
-55.9514667864334 -110.373159492168
-23.0710014612589 -116.949252557203
-29.6470945262938 -119.141283578881
-36.2231875913287 -121.333314600560
-42.7992806563636 -123.525345622238
-49.3753737213985 -125.717376643916
-23.5094076655946 -156.844217151748
-18.7746206587694 -150.355805327580
-14.0398336519443 -143.867393503413
-9.30504664511920 -137.378981679245
-62.0891536471326 -116.510846352867
-66.7457772427311 -122.263485459305
-70.1318185173702 -128.937573266462
-71.8432668750053 -135.033083667453
-72.4330865343547 -142.198996391838
-71.8085778381369 -148.150580760655
-69.7977671241815 -154.907894133412
-66.7899759500364 -160.668227045981
-62.9505786444636 -165.596953827121
-58.3345570899660 -169.749056359337
-52.9191290601646 -173.101752416248
-46.5909534837136 -175.541700926510
-39.0663796536367 -176.785251183147
-32.2042867017522 -176.499251296297
-26.5492635794108 -175.228290217312
-18.4635193113418 -171.526607992600
-53.6186671913935 -129.960670113911
-56.6090760929369 -136.458328650140
-57.2323789862876 -142.342505995519
-55.8579731636554 -148.859411850928
-52.1980096156578 -154.844384798315
-47.4025458018880 -158.817045071259
-41.0720120552127 -161.254635411296
-33.1938237423261 -161.267758776452
-27.7880815255657 -159.369266194377
-42.6239181746293 -164.910891311524
-53.8690373158390 -162.653099359196
-63.3386113294892 -158.225196695405
