-40.6000000000000 22.0000000000000
-38.1500000000000 21.7500000000000
-35.7000000000000 21.5000000000000
-33.2500000000000 21.2500000000000
-30.8000000000000 41.0000000000000
-32.6000000000000 42.0000000000000
-34.4000000000000 43.0000000000000
-36.2000000000000 44.0000000000000
-38.0000000000000 45.0000000000000
-38.0000000000000 45.0000000000000
-32.0000000000000 36.0000000000000
-34.0000000000000 37.0000000000000
-36.0000000000000 38.0000000000000
-38.0000000000000 39.0000000000000
-40.0000000000000 40.0000000000000
-41.2000000000000 27.0000000000000
-38.6400000000000 27.4000000000000
-36.0800000000000 27.8000000000000
-33.5200000000000 28.2000000000000
-40.8000000000000 45.0000000000000
-43.1743420141168 44.7500000000000
-45.4690470119715 44.0000000000000
-47.2498061986388 43.0000000000000
-49.0188807023828 41.5000000000000
-50.2339811320566 40.0000000000000
-51.3166534601079 38.0000000000000
-51.9445053726040 36.0000000000000
-52.1929802949009 34.0000000000000
-52.0871608476180 32.0000000000000
-51.6166538263920 30.0000000000000
-50.7297532698451 28.0000000000000
-49.2970583144992 26.0000000000000
-47.6665857600412 24.5000000000000
-46.0867759551545 23.5000000000000
-43.3980762113533 22.5000000000000
-41.9357816691601 40.0000000000000
-44.1000000000000 39.2000000000000
-45.5843494855623 38.0000000000000
-46.7573484034426 36.2000000000000
-47.2876806333234 34.0000000000000
-47.1000000000000 32.0000000000000
-46.2120236510939 30.0000000000000
-44.4180105030251 28.2000000000000
-42.7519221295943 27.4000000000000
-47.4000000000000 29.5200000000000
-49.4500000000000 32.6000000000000
-50.6000000000000 35.7700000000000
