-73.3000000000000 -162.960000000000
-74.0750000000000 -155.365000000000
-74.8500000000000 -147.770000000000
-75.6250000000000 -140.175000000000
-14.4000000000000 -132.580000000000
-11.3000000000000 -138.160000000000
-8.19999999999999 -143.740000000000
-5.09999999999999 -149.320000000000
-2.00000000000000 -154.900000000000
-2.00000000000000 -154.900000000000
-29.9000000000000 -136.300000000000
-26.8000000000000 -142.500000000000
-23.7000000000000 -148.700000000000
-20.6000000000000 -154.900000000000
-17.5000000000000 -161.100000000000
-57.8000000000000 -164.820000000000
-56.5600000000000 -156.884000000000
-55.3200000000000 -148.948000000000
-54.0800000000000 -141.012000000000
-2.00000000000000 -163.580000000000
-2.77500000000001 -170.940460243762
-5.09999999999999 -178.054045737112
-8.19999999999999 -183.574399215780
-12.8500000000000 -189.058530177387
-17.5000000000000 -192.825341509375
-23.7000000000000 -196.181625726335
-29.9000000000000 -198.127966655072
-36.1000000000000 -198.898238914193
-42.3000000000000 -198.570198627616
-48.5000000000000 -197.111626861815
-54.7000000000000 -194.362235136520
-60.9000000000000 -189.920880774948
-65.5500000000000 -184.866415856128
-68.6500000000000 -179.969005460979
-71.7500000000000 -171.634036255195
-17.5000000000000 -167.100923174396
-19.9800000000000 -173.810000000000
-23.7000000000000 -178.411483405243
-29.2800000000000 -182.047780050672
-36.1000000000000 -183.691809963303
-42.3000000000000 -183.110000000000
-48.5000000000000 -180.357273318391
-54.0800000000000 -174.795832559378
-56.5600000000000 -169.630958601742
-49.9880000000000 -184.040000000000
-40.4400000000000 -190.395000000000
-30.6130000000000 -193.960000000000
