-22	-40.6
-21.75	-38.15
-21.5	-35.7
-21.25	-33.25

-41	-30.8
-42	-32.6
-43	-34.4
-44	-36.2
-45	-38
-45	-38

-36	-32
-37	-34
-38	-36
-39	-38
-40	-40

-27	-41.2
-27.4	-38.64
-27.8	-36.08
-28.2	-33.52

-45	-40.8
-44.75	-43.17434201411675
-44	-45.4690470119715
-43	-47.24980619863884
-41.5	-49.01888070238277
-40	-50.2339811320566
-38	-51.31665346010792
-36	-51.94450537260403
-34	-52.19298029490089
-32	-52.087160847617966
-30	-51.61665382639197
-28	-50.729753269845126
-26	-49.297058314499196
-24.5	-47.66658576004116
-23.5	-46.08677595515452
-22.5	-43.39807621135331

-40	-41.93578166916005
-39.2	-44.1
-38	-45.58434948556227
-36.2	-46.75734840344259
-34	-47.28768063332343
-32	-47.1
-30	-46.21202365109392
-28.2	-44.41801050302511
-27.4	-42.75192212959431

-29.52 -47.4
-32.6 -49.45
-35.77 -50.6
