-11.2340339441961
-5.31555018566469
0.602933572866711
6.52141733139812
-31.4007193436364
-37.5384062043357
-43.6760930650349
-49.8137799257341
-55.9514667864334
-55.9514667864334
-23.0710014612589
-29.6470945262938
-36.2231875913287
-42.7992806563636
-49.3753737213985
-23.5094076655946
-18.7746206587694
-14.0398336519443
-9.30504664511920
-62.0891536471326
-66.7457772427311
-70.1318185173702
-71.8432668750053
-72.4330865343547
-71.8085778381369
-69.7977671241815
-66.7899759500364
-62.9505786444636
-58.3345570899660
-52.9191290601646
-46.5909534837136
-39.0663796536367
-32.2042867017522
-26.5492635794108
-18.4635193113418
-53.6186671913935
-56.6090760929369
-57.2323789862876
-55.8579731636554
-52.1980096156578
-47.4025458018880
-41.0720120552127
-33.1938237423261
-27.7880815255657
-42.6239181746293
-53.8690373158390
-63.3386113294892
