-162.960000000000
-155.365000000000
-147.770000000000
-140.175000000000
-132.580000000000
-138.160000000000
-143.740000000000
-149.320000000000
-154.900000000000
-154.900000000000
-136.300000000000
-142.500000000000
-148.700000000000
-154.900000000000
-161.100000000000
-164.820000000000
-156.884000000000
-148.948000000000
-141.012000000000
-163.580000000000
-170.940460243762
-178.054045737112
-183.574399215780
-189.058530177387
-192.825341509375
-196.181625726335
-198.127966655072
-198.898238914193
-198.570198627616
-197.111626861815
-194.362235136520
-189.920880774948
-184.866415856128
-179.969005460979
-171.634036255195
-167.100923174396
-173.810000000000
-178.411483405243
-182.047780050672
-183.691809963303
-183.110000000000
-180.357273318391
-174.795832559378
-169.630958601742
-184.040000000000
-190.395000000000
-193.960000000000
